1.0001447600625286
1.0
1.1495934213738765
1.4218325345443759
1.000000000000044
1.105395391442273
1.3584574829503082
1.000911541237989
5761.828601372429
6199.0
11500.357073060273
2545.408745771468
7295.000000000315
388.150606898342
2968.5251080084013
7445.755432106467
1.1737913097005412
1.0000214265067693
1.1196574218910207
1.6076956786630678
1.0000013690538898
1.000002495231074
1.7418606559529684
1.000000144356013
6712.956019389843
6004.129566086433
11184.32934479064
2870.628833536455
7118.009818854497
291.00085800458953
3797.810077552087
7348.001069826088
1.0000353291763608
1.038771085271067
1.9744061372986494
1.0011741948618367
1.0004305451865618
1.1356664519650095
1.0000000000001195
2.011107280305178
4299.1504316324335
3389.0060269932915
13814.209583272437
7898.231434392867
2866.2201650587153
5580.707232619795
6052.000000000709
1019.431460069232
1.0000002378229513
1.000000055099041
1.9744061372986494
1.0031857002170965
1.000000000010768
1.002813370273441
1.2865013814338433
1.0222145606103559
4197.00101265047
3183.000179098597
13811.681089810263
7864.046075606557
2733.0000000305167
4896.807890322611
7626.526194665561
500.2627822294503
1.654378015890057
1.0000000036550847
1.049878363521373
1.0052511946223122
1.0000000002271883
1.0000000035196672
1.0000002047080303
1.0000000000000349
3363.755248891272
5551.000019995368
5552.102709537238
4067.1359245248464
1240.0000002613644
5057.000017522717
7926.001609648372
6160.00000000021
2.065301793143211
1.7788004133096074
1.2976086617389946
1.0009163207481742
1.0497836497849877
1.0387710833474408
1.1053951731364258
1.0183134031384502
4194.773947399597
9730.81706134488
6841.327693978902
4000.688291383871
1196.3009809034788
5159.0412239971465
8683.827642754393
6130.539701343685
