1.0013684546459116
1.0
1.1585541777157506
1.065808031602641
1.0000000000015037
1.098734253811771
1.1162548490928779
1.0054584656790466
-1.073030680088867
-1.0002088990296822
-1.167388598338747
-0.9168805016783161
-1.0000171131246833
-1.0000334972854497
-0.8184872771847633
-1.000002133020602
0.07166222544276724
0.00020889902985536004
0.008834420623559297
-0.14892752992434963
1.7113123584095652e-05
-0.09870075652631834
-0.2977675719080999
-0.005456332658384835
1.0003267708767523
1.0794515447905384
0.6153099669840697
1.006798371621049
1.0029034939315575
1.0948129976403753
1.0000000000037916
0.5465645982082652
-1.0000033892665594
-1.0000009118335798
-0.6153099669838672
-1.015093729294315
-1.0000000002612373
-1.0166426495147094
-0.9936814779178467
-1.0931291964164818
-0.0003233816102336109
-0.07945063295710819
7.077671781985373e-14
0.008295357673315571
-0.0029034936701985664
-0.07817034812583117
-0.006318522086080272
0.5465645982082652
0.8672634564496383
1.0000000870654626
1.1394224865907467
1.0221445348119809
1.0000000051072622
1.0000000682731125
1.000003303988299
1.000000000001088
-0.5810933610588094
-0.6237101757164815
-1.048279274564992
-1.005565431208531
-1.0880987851145727
-1.0794514754984188
-1.0987287623914295
-1.0526584569473258
-0.2861700953909089
-0.3762899113491513
-0.0911432120255763
-0.016579103603338426
0.08809878000737008
0.07945140722499963
0.09872545840281087
0.052658456946391465
