3
24
0
0
5761
6199
10005
1792
7295
352
2187
7439
1.0
1.0
1.0
1.0
1.0
1.0
1.0
1.0
2.1426506769288064e-05
6.61097612004289e-22
0.01426226826331729
0.13533115311055927
5.970055958619627e-20
2.3781456957820876e-07
0.13533115311055927
1.3124574912907611e-10
5718
6004
9988
1784
7118
291
2179
7348
2.1426506769288064e-05
6.61097612004289e-22
0.01426226826331729
0.13533115311055927
5.970055958619627e-20
2.3781456957820876e-07
0.13533115311055927
1.3124574912907611e-10
1.0
1.0
1.0
1.0
1.0
1.0
1.0
1.0
5725
6047
9997
1787
7172
343
2181
7411
0.00012333355575940737
3.1047260248057596e-17
0.13533115311055927
0.2865013814338166
4.3884451094604054e-14
0.10539515362770333
0.22312632983974906
0.0009115411067431522
0.17376988319377207
2.1426506769288064e-05
0.10539515362770333
0.4723645255525086
1.3690538897263103e-06
2.2574165043947596e-06
0.606529502842409
1.4422476734306932e-07
4299
3263
6998
7889
2865
4915
6052
507
1.0
1.0
1.0
1.0
1.0
1.0
1.0
1.0
8.381767531568377e-12
2.0548717928818533e-09
0.36787663445624036
3.7222127378977563e-06
4.6203256708448936e-15
0.0003352988544501878
2.6610967557247657e-14
0.01110728030517783
4197
3183
6994
7839
2733
4883
5927
489
8.381767531568377e-12
2.0548717928818533e-09
0.36787663445624036
3.7222127378977563e-06
4.6203256708448936e-15
0.0003352988544501878
2.6610967557247657e-14
0.01110728030517783
1.0
1.0
1.0
1.0
1.0
1.0
1.0
1.0
4258
3250
6996
7862
2834
4907
5932
507
3.532916797916388e-05
0.03877108321619521
0.606529502842409
0.001170472649098831
0.0004305451865571364
0.13533115311055927
9.293569883454053e-14
1.0
2.3781456957820876e-07
5.304416933442466e-08
0.606529502842409
0.0031819780043586673
1.0763444779710919e-11
0.002478071418990677
0.2865013814338166
0.01110728030517783
2035
5551
5289
4046
1240
5057
7926
6160
1.0
1.0
1.0
1.0
1.0
1.0
1.0
1.0
0.2865013814338166
1.6002128693584908e-09
0.01110728030517783
4.779641431024472e-06
1.0763444779710919e-11
1.3124574912907611e-10
1.9508722372582523e-08
6.246442806333111e-16
2030
5470
5271
3997
1139
4966
7855
6020
0.2865013814338166
1.6002128693584908e-09
0.01110728030517783
4.779641431024472e-06
1.0763444779710919e-11
1.3124574912907611e-10
1.9508722372582523e-08
6.246442806333111e-16
1.0
1.0
1.0
1.0
1.0
1.0
1.0
1.0
2031
5471
5276
4025
1151
4979
7864
6036
0.36787663445624036
2.0548717928818533e-09
0.03877108321619521
0.005246414980881117
2.1642481962968973e-10
3.38842151811413e-09
1.8519930802662634e-07
3.417321786294094e-14
0.7788004117093946
0.7788004117093946
0.2865013814338166
0.0009115411067431522
0.049783649774224295
0.03877108321619521
0.10539515362770333
0.018313403138449584
