128.12
0.00
4.49
0.00
-0.15
0.00
-1.83
0.00
-3.60
0.00
7.24
0.00
-3.42
0.00
4.94
0.00
2.22
0.00
-5.46
0.00
1.75
0.00
2.02
0.00
2.03
0.00
-2.17
0.00
2.77
0.00
1.03
0.00
-2.73
0.00
2.08
0.00
0.73
0.00
-0.22
0.00
1.08
0.00
0.42
0.00
-1.61
0.00
1.70
0.00
0.26
0.00
2.88
0.00
-1.99
0.00
1.75
0.00
-1.49
0.00
-1.73
0.00
3.48
0.00
-3.51
0.00
3.97
0.00
-2.03
0.00
3.48
0.00
-1.75
0.00
-0.24
0.00
-0.27
0.00
-4.01
0.00
1.89
0.00
-2.03
0.00
-2.15
0.00
-2.87
0.00
-1.65
0.00
4.21
0.00
2.32
0.00
-0.53
0.00
-1.02
0.00
-0.30
0.00
-1.21
0.00
1.70
0.00
-1.29
0.00
-3.79
0.00
-1.12
0.00
2.74
0.00
1.30
0.00
5.63
0.00
4.43
0.00
-0.63
0.00
2.88
0.00
-3.68
0.00
2.54
0.00
2.98
0.00
-2.16
0.00
2.31
0.00
-3.18
0.00
1.11
0.00
-0.11
0.00
1.56
0.00
-0.90
0.00
1.13
0.00
-0.91
0.00
-1.38
0.00
0.58
0.00
-1.16
0.00
-0.05
0.00
-0.55
0.00
0.96
0.00
-2.56
0.00
-2.24
0.00
-2.86
0.00
-1.56
0.00
-4.50
0.00
3.46
0.00
0.02
0.00
1.23
0.00
-2.65
0.00
0.05
0.00
2.26
0.00
-0.19
0.00
2.31
0.00
1.85
0.00
-1.30
0.00
-0.62
0.00
-3.95
0.00
-1.21
0.00
3.42
0.00
-4.42
0.00
2.21
0.00
0.92
0.00
3.12
0.00
1.50
0.00
-0.70
0.00
-1.40
0.00
4.47
0.00
2.10
0.00
-1.15
0.00
0.04
0.00
-1.66
0.00
-2.75
0.00
0.17
0.00
0.73
0.00
-2.40
0.00
-2.15
0.00
-1.10
0.00
0.47
0.00
0.48
0.00
0.00
0.00
-0.07
0.00
-1.39
0.00
2.47
0.00
0.01
0.00
0.40
0.00
-0.99
0.00
8.91
0.00
-0.58
0.00
0.29
0.00
3.25
0.00
5.88
0.00
0.75
0.00
-0.49
0.00
0.67
0.00
0.13
0.00
-2.88
0.00
0.45
0.00
0.83
0.00
3.50
0.00
-2.59
0.00
4.26
0.00
1.79
0.00
1.08
0.00
0.60
0.00
-0.39
0.00
-1.39
0.00
-1.51
0.00
-0.52
0.00
3.49
0.00
-0.34
0.00
0.28
0.00
2.16
0.00
-3.16
0.00
-0.36
0.00
3.86
0.00
-0.19
0.00
0.54
0.00
1.59
0.00
0.34
0.00
-0.86
0.00
-2.28
0.00
1.23
0.00
-0.25
0.00
-2.81
0.00
-0.79
0.00
-3.81
0.00
0.82
0.00
-5.93
0.00
-5.00
0.00
0.47
0.00
-0.40
0.00
2.33
0.00
2.53
0.00
2.11
0.00
-0.17
0.00
-2.06
0.00
1.14
0.00
0.00
0.00
1.63
0.00
-0.27
0.00
-0.45
0.00
0.33
0.00
3.76
0.00
1.99
0.00
4.13
0.00
0.08
0.00
1.12
0.00
1.89
0.00
4.46
0.00
2.96
0.00
-1.02
0.00
-1.68
0.00
3.67
0.00
1.81
0.00
4.88
0.00
-2.38
0.00
4.66
0.00
1.42
0.00
1.02
0.00
2.19
0.00
-0.16
0.00
0.04
0.00
0.18
0.00
1.99
0.00
-3.11
0.00
2.67
0.00
3.35
0.00
0.93
0.00
1.64
0.00
-0.76
0.00
1.64
0.00
4.16
0.00
4.05
0.00
2.07
0.00
-1.58
0.00
2.58
0.00
-1.27
0.00
-0.57
0.00
0.83
0.00
0.75
0.00
-0.09
0.00
-0.96
0.00
-0.01
0.00
0.87
0.00
-0.78
0.00
1.02
0.00
5.60
0.00
2.02
0.00
-0.98
0.00
-1.86
0.00
-1.19
0.00
2.56
0.00
-1.73
0.00
-0.59
0.00
-0.72
0.00
-0.67
0.00
-2.65
0.00
2.58
0.00
2.20
0.00
1.52
0.00
-0.39
0.00
1.62
0.00
3.40
0.00
-1.54
0.00
3.13
0.00
-1.16
0.00
-1.18
0.00
-0.14
0.00
2.83
0.00
5.66
0.00
-1.58
0.00
-1.66
0.00
0.03
0.00
2.75
0.00
-2.40
0.00
-3.24
0.00
0.08
0.00
-0.34
0.00
