130.19
0.00
3.92
0.00
-0.27
0.00
-5.00
0.00
2.49
0.00
-2.09
0.00
7.43
0.00
2.13
0.00
-0.30
0.00
1.80
0.00
2.07
0.00
0.86
0.00
-0.12
0.00
3.55
0.00
-3.80
0.00
1.25
0.00
-5.63
0.00
-3.16
0.00
3.82
0.00
0.21
0.00
-0.97
0.00
-0.14
0.00
2.12
0.00
2.95
0.00
2.43
0.00
-0.69
0.00
4.72
0.00
-1.83
0.00
1.14
0.00
2.59
0.00
-1.17
0.00
-1.45
0.00
4.99
0.00
-0.59
0.00
-0.60
0.00
-4.47
0.00
-0.08
0.00
0.55
0.00
1.01
0.00
-0.98
0.00
-4.14
0.00
-0.05
0.00
-3.02
0.00
1.06
0.00
-0.38
0.00
-1.38
0.00
2.07
0.00
2.23
0.00
2.33
0.00
-2.09
0.00
-0.94
0.00
-5.51
0.00
0.36
0.00
0.58
0.00
-4.46
0.00
0.34
0.00
1.23
0.00
1.28
0.00
2.76
0.00
-1.06
0.00
2.27
0.00
0.12
0.00
0.31
0.00
-2.83
0.00
1.41
0.00
-4.27
0.00
-1.09
0.00
-1.51
0.00
-2.91
0.00
2.29
0.00
0.87
0.00
2.58
0.00
0.47
0.00
0.46
0.00
-0.52
0.00
-0.61
0.00
-2.27
0.00
-1.83
0.00
-2.77
0.00
4.41
0.00
0.63
0.00
-1.38
0.00
1.05
0.00
-4.46
0.00
-0.34
0.00
2.39
0.00
1.32
0.00
2.80
0.00
0.99
0.00
0.08
0.00
-1.72
0.00
-4.72
0.00
-3.02
0.00
4.17
0.00
2.14
0.00
0.85
0.00
-1.56
0.00
-0.07
0.00
-2.78
0.00
-2.44
0.00
1.25
0.00
2.22
0.00
2.32
0.00
-2.19
0.00
-2.91
0.00
0.59
0.00
-5.76
0.00
-0.75
0.00
3.01
0.00
-0.23
0.00
-1.11
0.00
-2.25
0.00
-6.10
0.00
-1.00
0.00
-2.23
0.00
-3.14
0.00
-1.44
0.00
-1.12
0.00
0.02
0.00
-2.70
0.00
-0.78
0.00
-0.19
0.00
0.23
0.00
0.95
0.00
-2.86
0.00
0.82
0.00
1.76
0.00
0.18
0.00
2.05
0.00
-2.47
0.00
4.66
0.00
-3.51
0.00
3.80
0.00
1.67
0.00
-0.79
0.00
-3.40
0.00
3.18
0.00
-0.09
0.00
-2.81
0.00
-0.27
0.00
-3.10
0.00
1.92
0.00
3.95
0.00
0.86
0.00
2.19
0.00
-2.52
0.00
1.16
0.00
3.96
0.00
-1.23
0.00
5.12
0.00
-3.60
0.00
-0.34
0.00
-0.69
0.00
-0.27
0.00
0.86
0.00
-1.21
0.00
1.66
0.00
1.62
0.00
-2.75
0.00
-0.99
0.00
-2.23
0.00
2.29
0.00
1.60
0.00
-0.42
0.00
-3.57
0.00
2.25
0.00
0.97
0.00
-3.50
0.00
3.44
0.00
2.04
0.00
-0.26
0.00
5.28
0.00
-0.41
0.00
2.13
0.00
-0.16
0.00
-0.64
0.00
-4.34
0.00
-0.80
0.00
-0.66
0.00
0.36
0.00
-0.61
0.00
2.89
0.00
-0.69
0.00
-0.96
0.00
-1.18
0.00
-3.43
0.00
0.11
0.00
-0.34
0.00
-1.69
0.00
1.03
0.00
-0.54
0.00
2.12
0.00
-2.50
0.00
-3.45
0.00
-3.53
0.00
0.29
0.00
-0.52
0.00
-3.08
0.00
1.70
0.00
3.54
0.00
2.87
0.00
1.01
0.00
6.24
0.00
-1.57
0.00
-2.42
0.00
0.65
0.00
-0.49
0.00
1.58
0.00
-0.22
0.00
-0.32
0.00
-2.54
0.00
3.54
0.00
1.09
0.00
0.51
0.00
-0.12
0.00
0.22
0.00
3.60
0.00
-1.20
0.00
0.94
0.00
0.14
0.00
6.16
0.00
-1.09
0.00
-2.54
0.00
-2.80
0.00
-3.62
0.00
-0.21
0.00
0.53
0.00
0.92
0.00
-1.75
0.00
-1.09
0.00
-0.92
0.00
0.52
0.00
-2.01
0.00
-3.05
0.00
-1.07
0.00
-0.46
0.00
2.57
0.00
2.95
0.00
-3.80
0.00
2.36
0.00
-0.92
0.00
-0.28
0.00
-0.51
0.00
-0.19
0.00
0.82
0.00
5.38
0.00
2.64
0.00
-0.02
0.00
0.89
0.00
0.12
0.00
-1.37
0.00
0.89
0.00
-0.77
0.00
0.79
0.00
-1.71
0.00
2.05
0.00
