11.12
0.00
0.38
0.00
5.70
0.00
12.06
0.00
54.68
0.00
48.35
0.00
46.85
0.00
45.84
0.00
3.19
0.00
9.39
0.00
17.64
0.00
18.14
0.00
58.06
0.00
36.67
0.00
60.73
0.00
52.87
0.00
33.94
0.00
36.01
0.00
31.13
0.00
51.24
0.00
59.64
0.00
48.55
0.00
42.81
0.00
23.97
0.00
29.08
0.00
47.46
0.00
40.50
0.00
8.96
0.00
1.33
0.00
54.58
0.00
50.49
0.00
56.32
0.00
57.21
0.00
2.88
0.00
25.46
0.00
49.77
0.00
10.98
0.00
43.10
0.00
5.96
0.00
6.29
0.00
43.95
0.00
50.98
0.00
54.11
0.00
3.91
0.00
58.55
0.00
19.27
0.00
0.97
0.00
32.44
0.00
57.58
0.00
37.68
0.00
59.21
0.00
42.26
0.00
13.53
0.00
16.79
0.00
36.63
0.00
23.83
0.00
7.77
0.00
30.90
0.00
7.29
0.00
51.59
0.00
30.33
0.00
20.34
0.00
40.57
0.00
41.85
0.00
39.18
0.00
38.90
0.00
34.85
0.00
7.03
0.00
22.97
0.00
43.47
0.00
10.12
0.00
35.57
0.00
22.12
0.00
26.59
0.00
38.87
0.00
21.47
0.00
10.46
0.00
5.54
0.00
29.09
0.00
44.91
0.00
27.69
0.00
16.47
0.00
6.03
0.00
30.50
0.00
47.90
0.00
32.60
0.00
26.28
0.00
17.27
0.00
16.38
0.00
61.61
0.00
40.91
0.00
15.96
0.00
5.69
0.00
0.39
0.00
10.62
0.00
35.10
0.00
63.16
0.00
44.20
0.00
22.30
0.00
16.49
0.00
42.37
0.00
53.03
0.00
17.62
0.00
22.59
0.00
6.25
0.00
4.79
0.00
41.83
0.00
26.71
0.00
58.84
0.00
11.89
0.00
46.54
0.00
3.61
0.00
61.33
0.00
23.19
0.00
13.94
0.00
52.92
0.00
36.33
0.00
8.72
0.00
7.55
0.00
40.07
0.00
41.43
0.00
55.15
0.00
44.43
0.00
18.84
0.00
63.44
0.00
48.01
0.00
25.93
0.00
53.96
0.00
26.09
0.00
18.61
0.00
6.17
0.00
31.00
0.00
49.25
0.00
6.14
0.00
60.80
0.00
7.10
0.00
29.74
0.00
37.52
0.00
14.01
0.00
15.60
0.00
47.96
0.00
6.75
0.00
47.80
0.00
44.05
0.00
20.54
0.00
16.93
0.00
54.64
0.00
63.86
0.00
2.63
0.00
56.95
0.00
12.70
0.00
33.24
0.00
37.27
0.00
17.97
0.00
35.62
0.00
35.97
0.00
15.38
0.00
12.86
0.00
9.90
0.00
16.75
0.00
46.11
0.00
15.28
0.00
14.74
0.00
53.93
0.00
10.92
0.00
53.29
0.00
38.30
0.00
62.31
0.00
38.11
0.00
43.22
0.00
51.81
0.00
26.63
0.00
26.10
0.00
42.87
0.00
19.32
0.00
24.74
0.00
23.58
0.00
59.06
0.00
57.13
0.00
13.78
0.00
36.97
0.00
43.53
0.00
27.44
0.00
58.91
0.00
33.38
0.00
32.14
0.00
25.42
0.00
5.85
0.00
21.98
0.00
43.49
0.00
43.08
0.00
45.65
0.00
59.62
0.00
27.92
0.00
42.48
0.00
40.53
0.00
57.62
0.00
39.27
0.00
52.36
0.00
62.46
0.00
29.17
0.00
20.25
0.00
0.95
0.00
51.70
0.00
2.20
0.00
14.27
0.00
40.74
0.00
56.00
0.00
13.18
0.00
19.71
0.00
44.30
0.00
48.97
0.00
61.58
0.00
23.91
0.00
51.98
0.00
12.59
0.00
22.11
0.00
59.10
0.00
35.35
0.00
11.77
0.00
31.28
0.00
13.59
0.00
46.67
0.00
24.49
0.00
25.99
0.00
63.17
0.00
32.09
0.00
11.86
0.00
24.39
0.00
59.76
0.00
53.44
0.00
32.64
0.00
54.65
0.00
26.57
0.00
55.80
0.00
34.72
0.00
31.68
0.00
39.97
0.00
32.08
0.00
7.71
0.00
34.27
0.00
48.39
0.00
35.73
0.00
30.67
0.00
49.08
0.00
52.52
0.00
60.36
0.00
20.21
0.00
53.72
0.00
12.63
0.00
56.49
0.00
52.96
0.00
2.16
0.00
8.43
0.00
63.22
0.00
34.27
0.00
