71.48
0.00
62.21
0.00
66.32
0.00
63.08
0.00
73.21
0.00
75.46
0.00
67.50
0.00
56.70
0.00
72.43
0.00
56.41
0.00
44.19
0.00
61.91
0.00
74.49
0.00
77.02
0.00
50.82
0.00
51.73
0.00
3.55
0.00
0.34
0.00
-2.08
0.00
2.95
0.00
0.03
0.00
-4.35
0.00
-1.73
0.00
2.20
0.00
-1.61
0.00
0.33
0.00
-11.32
0.00
4.83
0.00
-14.25
0.00
4.38
0.00
2.02
0.00
-7.16
0.00
-3.71
0.00
4.28
0.00
10.11
0.00
-4.12
0.00
2.44
0.00
5.60
0.00
-12.14
0.00
5.57
0.00
1.54
0.00
-2.55
0.00
-0.54
0.00
-6.20
0.00
4.52
0.00
14.42
0.00
8.17
0.00
4.37
0.00
5.37
0.00
-13.14
0.00
-4.97
0.00
9.35
0.00
11.71
0.00
-6.18
0.00
-4.94
0.00
-0.89
0.00
-9.62
0.00
0.90
0.00
-7.21
0.00
15.04
0.00
-1.14
0.00
-5.95
0.00
8.45
0.00
0.82
0.00
-2.08
0.00
3.18
0.00
-3.37
0.00
-0.41
0.00
-6.03
0.00
3.13
0.00
-3.43
0.00
4.03
0.00
-2.99
0.00
3.40
0.00
4.63
0.00
1.67
0.00
0.57
0.00
-0.27
0.00
9.83
0.00
6.66
0.00
-3.08
0.00
-5.15
0.00
-8.96
0.00
4.68
0.00
-13.07
0.00
-2.26
0.00
-1.14
0.00
4.03
0.00
7.58
0.00
4.08
0.00
-0.74
0.00
1.58
0.00
9.39
0.00
-4.98
0.00
-5.08
0.00
-9.75
0.00
5.45
0.00
1.46
0.00
-8.95
0.00
0.96
0.00
-3.49
0.00
-11.36
0.00
2.44
0.00
5.26
0.00
7.02
0.00
-5.90
0.00
-0.68
0.00
9.34
0.00
3.69
0.00
4.26
0.00
7.09
0.00
10.74
0.00
0.46
0.00
-13.07
0.00
4.67
0.00
-7.27
0.00
-3.14
0.00
-0.25
0.00
-5.92
0.00
2.89
0.00
7.63
0.00
-13.17
0.00
10.89
0.00
-3.20
0.00
0.42
0.00
5.07
0.00
-11.82
0.00
6.60
0.00
6.86
0.00
-4.02
0.00
5.20
0.00
9.88
0.00
0.59
0.00
4.86
0.00
-2.68
0.00
0.14
0.00
7.39
0.00
10.63
0.00
-1.63
0.00
2.01
0.00
7.06
0.00
-2.79
0.00
-5.85
0.00
9.40
0.00
4.30
0.00
-0.87
0.00
-1.06
0.00
4.61
0.00
-5.51
0.00
-4.91
0.00
-3.58
0.00
-0.59
0.00
4.02
0.00
-12.31
0.00
-8.12
0.00
-1.57
0.00
8.80
0.00
1.01
0.00
1.99
0.00
1.71
0.00
-12.46
0.00
-10.64
0.00
5.50
0.00
12.60
0.00
-4.16
0.00
-8.17
0.00
1.86
0.00
-0.70
0.00
7.90
0.00
4.99
0.00
-4.27
0.00
-5.25
0.00
-7.58
0.00
5.71
0.00
6.30
0.00
6.41
0.00
15.02
0.00
-8.93
0.00
-4.05
0.00
-2.94
0.00
-2.59
0.00
-2.44
0.00
15.54
0.00
-5.28
0.00
2.29
0.00
4.44
0.00
-1.53
0.00
4.18
0.00
-4.56
0.00
-1.43
0.00
-1.46
0.00
6.73
0.00
11.49
0.00
-0.45
0.00
6.53
0.00
-5.03
0.00
-2.73
0.00
1.30
0.00
-6.21
0.00
2.96
0.00
0.57
0.00
-6.68
0.00
1.73
0.00
9.80
0.00
-0.68
0.00
10.52
0.00
11.75
0.00
4.15
0.00
10.98
0.00
8.91
0.00
6.59
0.00
3.84
0.00
2.24
0.00
-2.90
0.00
-1.13
0.00
-0.14
0.00
-5.41
0.00
-7.87
0.00
-1.10
0.00
-0.85
0.00
6.27
0.00
0.71
0.00
-1.38
0.00
-5.67
0.00
1.52
0.00
0.82
0.00
10.40
0.00
-0.86
0.00
4.74
0.00
11.10
0.00
4.10
0.00
5.36
0.00
6.61
0.00
-7.13
0.00
-0.12
0.00
2.44
0.00
3.86
0.00
1.81
0.00
5.50
0.00
-5.35
0.00
4.91
0.00
3.00
0.00
-7.86
0.00
3.86
0.00
5.08
0.00
7.70
0.00
-0.87
0.00
-16.81
0.00
3.06
0.00
6.07
0.00
-3.66
0.00
2.16
0.00
-0.69
0.00
8.01
0.00
10.12
0.00
3.14
0.00
