41.28
0.00
-23.16
0.00
19.09
0.00
-48.10
0.00
-6.76
0.00
-35.43
0.00
26.02
0.00
-26.28
0.00
49.14
0.00
-43.81
0.00
18.36
0.00
-57.48
0.00
26.12
0.00
-3.57
0.00
3.62
0.00
-7.50
0.00
-49.31
0.00
2.93
-0.00
-29.79
0.00
-2.37
0.00
-43.53
0.00
29.26
-0.00
-55.64
0.00
64.01
-0.00
-17.72
0.00
32.57
-0.00
-58.31
0.00
1.36
-0.00
-48.44
0.00
-7.88
0.00
-24.07
0.00
30.69
-0.00
33.88
0.00
-36.63
0.00
22.90
0.00
-77.78
0.00
13.40
0.00
-31.09
0.00
56.99
0.00
-35.21
0.00
45.60
0.00
-43.06
0.00
54.91
0.00
-19.52
0.00
-0.57
0.00
-49.71
0.00
25.33
0.00
-32.18
0.00
-21.18
0.00
28.21
-0.00
-64.91
0.00
30.31
-0.00
-15.46
0.00
21.61
-0.00
-29.66
0.00
13.17
-0.00
-55.53
0.00
28.83
-0.00
-24.43
0.00
16.40
-0.00
-51.28
0.00
59.61
-0.00
-16.15
0.00
19.56
-0.00
49.97
0.00
-35.50
0.00
45.01
0.00
-9.47
0.00
42.96
0.00
-41.64
0.00
46.22
0.00
-14.12
0.00
47.96
0.00
-35.51
0.00
14.76
0.00
-62.94
0.00
31.48
0.00
-56.63
0.00
27.86
0.00
-28.07
0.00
-42.72
0.00
21.43
-0.00
-40.97
0.00
55.26
-0.00
-41.86
0.00
35.14
-0.00
-51.04
0.00
14.28
-0.00
-47.63
0.00
38.10
-0.00
-27.93
0.00
46.55
-0.00
-41.84
0.00
26.62
-0.00
-38.52
0.00
-1.27
0.00
28.31
0.00
-24.90
0.00
25.49
0.00
-42.14
0.00
8.62
0.00
-20.57
0.00
45.41
0.00
10.13
0.00
14.42
0.00
-27.65
0.00
40.08
0.00
-7.25
0.00
44.02
0.00
-43.60
0.00
5.03
0.00
-25.98
0.00
-33.18
0.00
47.63
-0.00
-13.14
0.00
62.24
-0.00
-52.46
0.00
62.71
-0.00
-19.15
0.00
17.65
-0.00
-18.19
0.00
4.53
-0.00
-48.44
0.00
29.07
-0.00
-33.33
0.00
50.11
-0.00
-15.87
0.00
45.76
-0.00
61.93
0.00
3.47
0.00
37.91
0.00
-69.31
0.00
49.42
0.00
-23.72
0.00
14.30
0.00
-38.37
0.00
6.86
0.00
-55.38
0.00
54.12
0.00
-55.41
0.00
13.83
0.00
-28.45
0.00
15.51
0.00
-46.74
0.00
-37.95
0.00
29.45
-0.00
-15.85
0.00
18.41
-0.00
-23.24
0.00
47.72
-0.00
-39.20
0.00
46.45
-0.00
-71.93
0.00
38.00
-0.00
-52.87
0.00
4.03
-0.00
-49.90
0.00
50.80
-0.00
-66.50
0.00
57.64
-0.00
42.62
0.00
-5.95
0.00
-20.16
0.00
-11.82
0.00
40.60
0.00
-26.14
0.00
45.58
0.00
-41.86
0.00
23.62
0.00
-38.02
0.00
26.28
0.00
-20.58
0.00
48.54
0.00
-8.35
0.00
23.66
0.00
-38.06
0.00
-41.00
0.00
52.68
-0.00
-56.39
0.00
38.86
-0.00
-36.93
0.00
17.56
-0.00
-44.08
0.00
11.40
-0.00
-50.63
0.00
9.13
-0.00
-25.22
0.00
29.04
-0.00
-55.61
0.00
67.98
-0.00
-16.39
0.00
40.56
-0.00
26.89
0.00
-18.27
0.00
38.53
0.00
-2.40
0.00
15.14
0.00
-18.86
0.00
24.48
0.00
-48.81
0.00
59.03
0.00
-35.36
0.00
42.29
0.00
-39.46
0.00
13.87
0.00
-35.89
0.00
30.02
0.00
-56.85
0.00
-7.23
0.00
49.55
-0.00
-56.89
0.00
35.03
-0.00
-20.85
0.00
52.43
-0.00
-61.81
0.00
50.96
-0.00
-21.81
0.00
46.57
-0.00
-41.32
0.00
6.00
-0.00
-23.51
0.00
17.45
-0.00
-43.65
0.00
6.33
-0.00
33.03
0.00
-44.14
0.00
2.12
0.00
-24.49
0.00
43.52
0.00
-5.07
0.00
19.31
0.00
-16.80
0.00
8.72
0.00
-40.02
0.00
74.41
0.00
-49.28
0.00
10.27
0.00
-17.96
0.00
20.52
0.00
-33.90
0.00
-40.56
0.00
46.00
-0.00
-20.96
0.00
42.11
-0.00
-47.97
0.00
19.95
-0.00
-47.30
0.00
25.29
-0.00
-25.27
0.00
35.84
-0.00
-36.61
0.00
18.21
-0.00
-40.59
0.00
57.20
-0.00
-0.49
0.00
25.03
-0.00
