73.88
0.00
-57.87
0.00
58.72
0.00
-70.67
0.00
61.15
0.00
-61.11
0.00
78.27
0.00
-56.82
0.00
70.51
0.00
-69.05
0.00
80.04
0.00
-57.82
0.00
66.51
0.00
-70.76
0.00
46.65
0.00
-61.70
0.00
4.72
0.00
10.60
-0.00
-8.72
0.00
2.56
-0.00
-2.82
0.00
8.93
-0.00
-2.53
0.00
0.69
-0.00
-9.55
0.00
-8.31
0.00
0.56
0.00
-8.92
0.00
-10.67
0.00
6.37
-0.00
-8.00
0.00
-3.85
0.00
-0.78
0.00
-12.34
0.00
6.27
0.00
-8.33
0.00
-4.28
0.00
-6.21
0.00
8.38
0.00
4.55
-0.00
3.01
0.00
0.99
-0.00
-2.83
0.00
2.84
-0.00
-1.40
0.00
-12.34
0.00
1.68
0.00
0.92
-0.00
0.25
0.00
-6.10
0.00
-13.53
0.00
-1.13
0.00
-1.06
0.00
-3.61
0.00
-5.17
0.00
0.73
-0.00
9.39
0.00
2.41
-0.00
4.29
0.00
-9.19
0.00
-10.04
0.00
-4.67
0.00
4.80
0.00
-8.18
0.00
-0.74
0.00
-0.38
0.00
-2.28
0.00
-17.96
0.00
1.30
0.00
-6.89
0.00
4.65
0.00
-3.87
0.00
-2.45
0.00
-4.65
0.00
-6.26
0.00
-4.14
0.00
-6.38
0.00
4.14
-0.00
-0.89
0.00
9.38
-0.00
1.91
0.00
-0.98
0.00
4.83
0.00
-16.88
0.00
-4.92
0.00
10.33
-0.00
-6.16
0.00
9.76
-0.00
2.73
0.00
-3.21
0.00
3.24
0.00
-9.91
0.00
-6.14
0.00
-4.12
0.00
-2.94
0.00
2.52
-0.00
-8.43
0.00
0.27
-0.00
2.04
0.00
-1.33
0.00
-17.28
0.00
-0.60
0.00
0.74
0.00
1.24
-0.00
12.34
0.00
-2.88
0.00
-4.38
0.00
10.21
-0.00
1.75
0.00
-6.86
0.00
1.78
0.00
0.98
-0.00
-6.88
0.00
-7.47
0.00
-7.68
0.00
-1.24
0.00
-4.82
0.00
-0.47
0.00
-4.72
0.00
11.06
-0.00
-5.53
0.00
5.09
-0.00
-3.76
0.00
0.84
-0.00
2.81
0.00
0.00
-0.00
-6.71
0.00
3.71
-0.00
3.62
0.00
-2.92
0.00
10.79
0.00
-3.56
0.00
1.59
0.00
0.53
-0.00
-10.94
0.00
5.69
-0.00
5.40
0.00
4.92
-0.00
-9.89
0.00
-13.56
0.00
0.01
0.00
-13.51
0.00
-10.73
0.00
-4.12
0.00
0.32
0.00
3.24
-0.00
4.28
0.00
6.75
-0.00
-2.23
0.00
-5.88
0.00
-4.16
0.00
-5.98
0.00
4.87
0.00
-10.01
0.00
-2.04
0.00
-11.61
0.00
-4.45
0.00
8.90
-0.00
10.83
0.00
4.47
-0.00
6.63
0.00
1.54
-0.00
-8.29
0.00
7.88
-0.00
1.68
0.00
3.82
-0.00
4.17
0.00
7.76
-0.00
5.95
0.00
1.13
-0.00
-12.92
0.00
-5.74
0.00
12.68
0.00
1.72
-0.00
-3.14
0.00
6.52
-0.00
-4.83
0.00
-1.33
0.00
5.26
0.00
0.09
-0.00
-7.11
0.00
-2.50
0.00
-0.64
0.00
4.07
-0.00
-3.62
0.00
3.33
-0.00
-2.80
0.00
-4.87
0.00
-2.52
0.00
9.94
-0.00
-3.05
0.00
6.67
-0.00
5.44
0.00
3.05
-0.00
-14.44
0.00
-11.60
0.00
3.87
0.00
-2.85
0.00
-7.02
0.00
-1.12
0.00
-14.37
0.00
-2.23
0.00
9.47
0.00
0.05
-0.00
-2.55
0.00
9.22
-0.00
-7.06
0.00
-1.18
0.00
3.01
0.00
8.19
-0.00
-6.38
0.00
6.73
-0.00
-6.17
0.00
-0.78
0.00
-1.72
0.00
-15.12
0.00
6.52
0.00
-0.63
0.00
0.15
0.00
3.90
-0.00
2.15
0.00
10.58
-0.00
4.06
0.00
-9.53
0.00
-4.07
0.00
-5.37
0.00
1.82
0.00
6.27
-0.00
-6.25
0.00
6.25
-0.00
4.54
0.00
-7.05
0.00
-0.05
0.00
-4.56
0.00
1.87
0.00
0.76
-0.00
-6.48
0.00
9.42
-0.00
-5.63
0.00
9.02
-0.00
4.44
0.00
8.22
-0.00
4.63
0.00
-5.94
0.00
-7.54
0.00
-4.66
0.00
2.44
0.00
3.12
-0.00
5.59
0.00
-0.18
0.00
-5.69
0.00
-2.43
0.00
1.44
0.00
3.73
-0.00
-2.99
0.00
7.79
-0.00
