0.17374467335070154
0.0
0.0059284059030446645
0.0
0.08899838128265536
0.0
0.18851367811560782
0.0
0.854421972093987
0.0
0.7553932100053022
0.0
0.7320222559136645
0.0
0.716181989557634
0.0
0.049781595179843374
0.0
0.14667752963550562
0.0
0.27563830234286113
0.0
0.28345902017124747
0.0
0.9071246701360623
0.0
0.572894647178871
0.0
0.9489097836481099
0.0
0.8260763922012414
0.0
0.53037453667048
0.0
0.5627009264097818
0.0
0.48633674879125954
0.0
0.8006274455718188
0.0
0.9319400831758535
0.0
0.758552410627689
0.0
0.6688604889262771
0.0
0.3744561719007491
0.0
0.4543449708063485
0.0
0.741628752190867
0.0
0.6327440086887508
0.0
0.1400776410245449
0.0
0.02076776825146165
0.0
0.852811307472915
0.0
0.7889744155476183
0.0
0.8800395955728204
0.0
0.8938959770602339
0.0
0.04497603659654004
0.0
0.3978786947613463
0.0
0.777665861629195
0.0
0.171612177782952
0.0
0.6734354016270061
0.0
0.0930842522011548
0.0
0.09829176443400023
0.0
0.686670989347428
0.0
0.7965261985189899
0.0
0.8455053571428178
0.0
0.061117953093466904
0.0
0.9148282736357342
0.0
0.3010266932019877
0.0
0.015099133912226392
0.0
0.5068001870189383
0.0
0.8997202734948597
0.0
0.5887768773455755
0.0
0.9251155552349631
0.0
0.6603691949383993
0.0
0.21138719998236422
0.0
0.2624173020292624
0.0
0.5723014387206556
0.0
0.3723284755662949
0.0
0.12137659155417346
0.0
0.4827865172742676
0.0
0.11383250946918333
0.0
0.8061076378497818
0.0
0.4739007295835006
0.0
0.3177681454655864
0.0
0.6338304009940157
0.0
0.6538619474573504
0.0
0.6122211930365444
0.0
0.6078670925874421
0.0
0.5445371027752868
0.0
0.10987590643309508
0.0
0.3589511553721817
0.0
0.6792762188620616
0.0
0.15805253254756757
0.0
0.55583008503149
0.0
0.3455927981416188
0.0
0.41551428641811783
0.0
0.6073313967809164
0.0
0.3355049888565622
0.0
0.16342482072461106
0.0
0.08660719340394996
0.0
0.4545868030196475
0.0
0.7017195806924241
0.0
0.4327260925484102
0.0
0.257371743300589
0.0
0.09427961041545851
0.0
0.4765932876760608
0.0
0.7484680283208539
0.0
0.5094449721445069
0.0
0.410566455604246
0.0
0.26980504942680716
0.0
0.2559177502539216
0.0
0.9625979325979065
0.0
0.6392743606324377
0.0
0.24932233113071833
0.0
0.08886572724250785
0.0
0.006087766545826101
0.0
0.16587679108725917
0.0
0.5484499476271568
0.0
0.9868316194962187
0.0
0.6906922488018531
0.0
0.34849219208576476
0.0
0.2576099050233088
0.0
0.6620743898019867
0.0
0.8285530042992403
0.0
0.2753699688851241
0.0
0.35297658022427514
0.0
0.09763595658187507
0.0
0.07489954039632762
0.0
0.653603119177527
0.0
0.41734291551045644
0.0
0.919303656506481
0.0
0.18579092677917763
0.0
0.7271912277402449
0.0
0.056460429803050216
0.0
0.9582518229168712
0.0
0.362288330579541
0.0
0.21779328465720704
0.0
0.82681323388973
0.0
0.5676443452520283
0.0
0.1362781471898492
0.0
0.117891022831213
0.0
0.6260563644550602
0.0
0.6473082190822029
0.0
0.8616465946388558
0.0
0.6942746868574736
0.0
0.2943956861276258
0.0
0.9911898785039063
0.0
0.7501946141719332
0.0
0.4052244724495301
0.0
0.8431165034594972
0.0
0.407703122173079
0.0
0.29071629026167156
0.0
0.09638057846032888
0.0
0.484394815477573
0.0
0.769468691267179
0.0
0.09593300437864061
0.0
0.9500310980879734
0.0
0.11095417110607364
0.0
0.4646442664506919
0.0
0.5862360769097034
0.0
0.2188926322044913
0.0
0.24374945580210217
0.0
0.7493379703880855
0.0
0.10551288161451478
0.0
0.7468554957139187
0.0
0.6882870551219732
0.0
0.3209816583337255
0.0
0.26459747871557204
0.0
0.8537456052702104
0.0
0.9978709142564338
0.0
0.041124099123962754
0.0
0.8899008409169743
0.0
0.19839159239853366
0.0
0.5193100110516469
0.0
0.5823006719414939
0.0
0.2807123753460674
0.0
0.5566242379935507
0.0
0.5620557005847757
0.0
0.2402528556174195
0.0
0.20097170027117395
0.0
0.15467079349056534
0.0
0.2616974616428658
0.0
0.720445601296761
0.0
0.23873344950406827
0.0
0.2303035019876134
0.0
0.842627384397307
0.0
0.17055505395018444
0.0
0.8327043130243627
0.0
0.5983672114286963
0.0
0.9735312819747992
0.0
0.5955371698970964
0.0
0.6752423236784747
0.0
0.8094862725442872
0.0
0.4160849545558355
0.0
0.40782583493732516
0.0
0.6698291367104636
0.0
0.30182442378753427
0.0
0.38650407338799275
0.0
0.36840272938774166
0.0
0.922810185200016
0.0
0.8926359483157381
0.0
0.21526662244682437
0.0
0.5777341700584906
0.0
0.6801001509660431
0.0
0.428742575851216
0.0
0.9204560442291726
0.0
0.5215451696741935
0.0
0.5022207501903853
0.0
0.39715899761064766
0.0
0.09133066322513439
0.0
0.3434236403593023
0.0
0.679491549149245
0.0
0.6730850325833395
0.0
0.7132408232101936
0.0
0.9316273807427383
0.0
0.43620629042978687
0.0
0.6637597160465134
0.0
0.6333045056867346
0.0
0.9003575765988187
0.0
0.6136460962848685
0.0
0.818200385165019
0.0
0.9759129768299463
0.0
0.4557279213940848
0.0
0.3163515955580304
0.0
0.014855788024733307
0.0
0.8078359137805192
0.0
0.034430862098755344
0.0
0.2230103057470031
0.0
0.6364986649724247
0.0
0.8749489059051893
0.0
0.20588732236264673
0.0
0.30794610771175057
0.0
0.6922387675526461
0.0
0.7652183355517409
0.0
0.9622137230701021
0.0
0.3735536433796285
0.0
0.8121776442826169
0.0
0.196712969407556
0.0
0.34546262638272507
0.0
0.9233595728964653
0.0
0.5523838911078702
0.0
0.18390479972573592
0.0
0.4887865227112771
0.0
0.21235127170595314
0.0
0.7292807978506253
0.0
0.38267239738204195
0.0
0.40610822374167765
0.0
0.9870743399596604
0.0
0.5013966049454937
0.0
0.18528356996864992
0.0
0.38110867717433716
0.0
0.9337539320866682
0.0
0.8349682410650255
0.0
0.5099538362401201
0.0
0.8538608553143102
0.0
0.41509777713825957
0.0
0.8718928617947511
0.0
0.5425354829345471
0.0
0.4950186025344314
0.0
0.6245635379805494
0.0
0.5013003256817198
0.0
0.12046888363488273
0.0
0.5354171119652869
0.0
0.7560797457392877
0.0
0.5583185036539386
0.0
0.4791592209955481
0.0
0.7669472002757038
0.0
0.82064874374484
0.0
0.9431145694176325
0.0
0.3158121444676629
0.0
0.8394149608599307
0.0
0.19737320867209796
0.0
0.882723480954589
0.0
0.8274905981617047
0.0
0.033778473619964666
0.0
0.1317238007105468
0.0
0.9878793358813484
0.0
0.5355086511101204
0.0
