2
8
0
0
1.000000015192372
1.2865013814338166
1.3678766344562403
1.0086502059719786
1.173769883193772
1.0024780714189907
1.0000006465925662
1.0000000009704264
5291.00007928899
11677.427033749018
4374.365847087688
1076.0654158586337
3366.3294057005755
3830.4092371779075
7143.0045817549235
986.000000876295
1.000000015192372
1.2865013814338166
1.3678766344562403
1.0086502059719786
1.173769883193772
1.0024780714189907
1.0000006465925662
1.0000000009704264
5219.000080382841
11673.859540656187
4371.837353625513
1057.2297697721012
3360.545794882932
3806.4687108919634
7086.0046186107
903.0000009568404
