2
8
0
0
1.0000000321687414
1.011107280305178
1.0000000026387077
1.0000000020548718
1.0019298788652151
1.000012994742495
1.1353311531105592
1.0000000000000207
5411.000171845417
910.807728509472
4391.000011378108
7489.000015224545
9758.748773175566
6893.088987996606
4407.408218303417
6395.00000000013
1.0000000321687414
1.011107280305178
1.0000000026387077
1.0000000020548718
1.0019298788652151
1.000012994742495
1.1353311531105592
1.0000000000000207
5342.00017406506
893.0076595549652
4312.000011586566
7409.000015388935
9733.797020147196
6848.089572760018
4400.490867528301
6269.000000000133
