2
8
0
0
1.0015029546175658
1.4723645255525086
1.6065295028424091
1.173769883193772
1.0040858283118796
1.0000000413081807
1.0004305451865572
1.3678766344562403
8810.18241495067
12796.375362525747
8489.295363516447
8052.018779410114
1804.252345253586
8112.000332283005
9076.892989576849
3829.9509465741044
1.0015029546175658
1.4723645255525086
1.6065295028424091
1.173769883193772
1.0040858283118796
1.0000000413081807
1.0004305451865572
1.3678766344562403
8784.221491770726
12794.792456102405
8488.508422522133
8046.2351685924705
1782.3422334764475
8044.000335091962
9045.906336477632
3827.422453111929
