2
8
0
0
1.000203356233625
1.0000001851993081
1.0
1.3678766344562403
1.0031819780043587
1.0086502059719786
1.000012994742495
1.4723645255525086
3810.767873138168
7856.001443443407
8974.0
3308.7899488462767
10042.781596307534
7658.516660031767
7669.099071916782
11543.393151280561
1.000203356233625
1.0000001851993081
1.0
1.3678766344562403
1.0031819780043587
1.0086502059719786
1.000012994742495
1.4723645255525086
3776.7747872501113
7794.001454925764
8826.0
3306.2614553841017
10019.854781801634
7639.681013945235
7624.099656680194
11541.81024485722
