57.13
0.00
1.93
0.00
31.22
0.00
53.23
0.00
22.22
0.00
21.44
0.00
10.86
0.00
46.36
0.00
56.07
0.00
17.48
0.00
5.44
0.00
55.97
0.00
45.08
0.00
60.67
0.00
50.98
0.00
49.07
0.00
4.33
0.00
48.38
0.00
15.06
0.00
20.96
0.00
52.43
0.00
41.58
0.00
12.10
0.00
39.71
0.00
4.78
0.00
44.51
0.00
17.35
0.00
31.02
0.00
19.93
0.00
30.42
0.00
28.82
0.00
1.03
0.00
60.85
0.00
52.25
0.00
61.65
0.00
27.87
0.00
62.74
0.00
54.35
0.00
39.76
0.00
16.43
0.00
14.49
0.00
23.87
0.00
0.54
0.00
37.21
0.00
12.15
0.00
62.32
0.00
59.77
0.00
3.80
0.00
21.55
0.00
12.77
0.00
45.47
0.00
41.40
0.00
33.22
0.00
21.28
0.00
35.20
0.00
23.14
0.00
44.75
0.00
35.82
0.00
4.02
0.00
7.79
0.00
13.64
0.00
42.52
0.00
2.83
0.00
40.95
0.00
46.76
0.00
50.56
0.00
47.45
0.00
23.04
0.00
47.70
0.00
58.54
0.00
25.59
0.00
27.21
0.00
57.59
0.00
4.29
0.00
28.31
0.00
23.81
0.00
48.80
0.00
51.65
0.00
2.10
0.00
16.60
0.00
49.64
0.00
31.11
0.00
17.79
0.00
4.79
0.00
6.25
0.00
10.74
0.00
54.36
0.00
43.78
0.00
42.19
0.00
20.91
0.00
37.89
0.00
39.68
0.00
20.55
0.00
41.07
0.00
7.04
0.00
23.58
0.00
6.88
0.00
34.91
0.00
0.79
0.00
52.39
0.00
13.56
0.00
33.71
0.00
61.87
0.00
11.74
0.00
57.08
0.00
50.56
0.00
4.64
0.00
20.75
0.00
29.53
0.00
30.10
0.00
37.06
0.00
9.53
0.00
41.54
0.00
53.82
0.00
39.59
0.00
43.03
0.00
19.84
0.00
39.26
0.00
22.14
0.00
44.16
0.00
20.10
0.00
25.39
0.00
20.75
0.00
29.45
0.00
59.07
0.00
10.43
0.00
10.67
0.00
1.63
0.00
56.05
0.00
8.91
0.00
17.73
0.00
22.25
0.00
44.75
0.00
62.50
0.00
46.56
0.00
1.47
0.00
31.64
0.00
59.28
0.00
37.98
0.00
47.40
0.00
17.86
0.00
27.77
0.00
22.10
0.00
47.41
0.00
17.62
0.00
9.73
0.00
45.60
0.00
36.70
0.00
50.96
0.00
17.43
0.00
47.62
0.00
39.76
0.00
24.56
0.00
9.56
0.00
34.32
0.00
27.86
0.00
19.98
0.00
22.11
0.00
15.50
0.00
29.87
0.00
52.12
0.00
34.43
0.00
7.59
0.00
38.31
0.00
49.89
0.00
14.07
0.00
18.84
0.00
10.57
0.00
21.11
0.00
6.68
0.00
9.41
0.00
59.41
0.00
41.01
0.00
46.62
0.00
59.45
0.00
40.02
0.00
60.67
0.00
19.69
0.00
24.81
0.00
38.67
0.00
50.97
0.00
37.56
0.00
61.62
0.00
35.34
0.00
37.41
0.00
38.16
0.00
10.01
0.00
56.66
0.00
57.64
0.00
7.02
0.00
18.30
0.00
22.03
0.00
23.45
0.00
18.98
0.00
32.06
0.00
60.24
0.00
42.68
0.00
33.74
0.00
27.20
0.00
8.69
0.00
36.19
0.00
62.30
0.00
21.66
0.00
20.07
0.00
47.78
0.00
29.85
0.00
7.56
0.00
19.51
0.00
6.60
0.00
11.51
0.00
60.20
0.00
9.28
0.00
25.02
0.00
58.02
0.00
11.96
0.00
46.97
0.00
52.83
0.00
1.39
0.00
44.48
0.00
15.48
0.00
51.89
0.00
51.19
0.00
20.29
0.00
14.61
0.00
49.07
0.00
49.30
0.00
27.23
0.00
6.14
0.00
28.68
0.00
44.42
0.00
38.69
0.00
17.04
0.00
30.86
0.00
8.01
0.00
37.39
0.00
4.86
0.00
62.93
0.00
40.03
0.00
8.45
0.00
31.28
0.00
17.54
0.00
59.45
0.00
56.33
0.00
26.39
0.00
34.80
0.00
55.01
0.00
25.66
0.00
41.22
0.00
47.79
0.00
43.07
0.00
39.34
0.00
17.85
0.00
48.03
0.00
62.37
0.00
55.69
0.00
62.91
0.00
