5.8252395537299735e-05
1.8519930802662634e-07
5.082799948633103e-12
0.0019298788652151817
0.22312632983974906
4.130818071236514e-08
2.400219811509167e-12
3.0822564083673897e-12
1.0
1.0
1.0
1.0
1.0
1.0
1.0
1.0
0.0031819780043586673
0.17376988319377207
0.4723645255525086
0.4723645255525086
0.2865013814338166
0.0003352988544501878
5.304416933442466e-08
0.00012333355575940737
0.0009115411067431522
8.381767531568377e-12
1.4422476734306932e-07
3.417321786294094e-14
0.36787663445624036
1.7749306734812378e-11
3.568841205311613e-10
0.06392417274519188
1.0
1.0
1.0
1.0
1.0
1.0
1.0
1.0
0.36787663445624036
0.008650205971978733
0.0007098896307726959
0.4723645255525086
0.606529502842409
4.130818071236514e-08
1.06616481423794e-06
0.7788004117093946
0.00673666189488182
1.0
1.0
1.0
1.0
1.0
1.0
1.0
1.0
1.0
1.0
1.0
1.0
1.0
1.0
1.0
0.2865013814338166
1.0
1.0
1.0
1.0
1.0
1.0
1.0
