1.0
1.0
1.0
1.0
1.0
1.0
1.0
1.0
5.8252395537299735e-05
1.8519930802662634e-07
5.082799948633103e-12
0.0019298788652151817
0.22312632983974906
4.130818071236514e-08
2.400219811509167e-12
3.0822564083673897e-12
0.018313403138449584
1.06616481423794e-06
1.0763444779710919e-11
0.004085828311879557
0.7788004117093946
0.00012333355575940737
4.5365302053457065e-05
2.5051380075446e-08
1.0
1.0
1.0
1.0
1.0
1.0
1.0
1.0
0.0009115411067431522
8.381767531568377e-12
1.4422476734306932e-07
3.417321786294094e-14
0.36787663445624036
1.7749306734812378e-11
3.568841205311613e-10
0.06392417274519188
0.002478071418990677
9.704263307728827e-10
0.00020335623362501402
7.237007411815746e-14
0.606529502842409
0.0004305451865571364
0.0003352988544501878
0.08208108449989825
1.0
1.0
1.0
1.0
1.0
1.0
1.0
1.0
0.00673666189488182
1.0
1.0
1.0
1.0
1.0
1.0
1.0
0.023515222714718967
1.0
1.0
1.0
1.0
1.0
1.0
1.0
