3
17
0
0
1.0183716555339868
1.0000012513641223
1.0000000000158462
1.0060157071770948
2.001926741549144
1.0001233748639402
1.0000453653044536
1.0000000250544623
10242.486825067199
3569.0043959971304
4903.000000076078
7960.464155697859
13805.171178073697
7478.918154415581
7887.3559815438875
902.0000208452017
1.003240230399896
1.17377006839308
1.4723645255575915
1.4742944044177237
1.5096277112735657
1.000335340162631
1.0000000530465696
1.0001233335588415
10051.539325714084
4117.628030519246
7067.2944517280675
11630.699602595292
10405.615823272348
7412.495602977393
7780.000416256527
796.1026135211721
1.0033896125257338
1.0000000009788081
1.0002035004583925
1.0000000000001066
1.9744061372986494
1.0004305452043065
1.0003352992113344
1.14600525724509
6612.2525496795415
4287.00000411475
9417.90923711812
5047.000000000525
19680.170217186725
4872.083408242432
7847.6196927185265
3278.3430694902518
1.3687881755629834
1.0086502059803604
1.00071003385554
1.4723645255525428
1.9744061372986494
1.00000004132593
1.0000010665216983
1.8427245844545863
8983.485037733111
4221.365465942131
9359.661542536318
7249.86765287183
19677.64172372455
4771.0001999767255
7758.0083327454495
5255.089756591932
1.0302518846096007
3.0
3.0
3.0
3.0
3.0
3.0
3.0
5500.02735035204
0.0
0.0
0.0
0.0
0.0
0.0
0.0
1.2932380433286985
3.0
3.0
3.0
3.0
3.0
3.0
3.0
6880.300392610414
0.0
0.0
0.0
0.0
0.0
0.0
0.0
