2
8
0
0
1.6065295028424091
2.0
1.2865013814338166
1.4723645255525086
1.0024780714189907
1.011107280305178
1.000911541106743
1.0000000530441693
8111.7609303484805
19936.0
4071.6308667122944
6716.9822365194395
3773.267987107025
493.2204217434336
1220.085645458131
7300.000383668476
1.6065295028424091
2.0
1.2865013814338166
1.4723645255525086
1.0024780714189907
1.011107280305178
1.000911541106743
1.0000000530441693
8110.9739893541655
19936.0
4068.063373619463
6715.3993300960965
3749.327460821081
475.4203527889268
1192.1111686091199
7233.000387222436
