1.0536488264981172
1.000018525904109
1.0000000004735121
1.0346893734463591
0.6376815118717516
1.0009877311798712
1.00040824874246
1.0000004135049252
-1.0160092778819685
-1.0726828276670168
-0.8426006284632246
-0.856838777862973
-0.9926728163067009
-1.0023467275375828
-1.000000835569118
-1.0009864100622465
-0.03763954861643004
0.07266430176282841
-0.15739937201034715
-0.17785059558333988
0.3549913044352738
0.001358996358127298
-0.00040741317340702563
0.0009859965572597711
1.0215413304873953
1.0000000195746523
1.0015287613140131
1.0000000000038882
0.61530996698391
1.0029034947738926
1.0023454212717064
1.216427510487303
-0.93575988854646
-1.0318107277789494
-1.004434263823458
-0.8426006282801326
-0.61530996698391
-1.0000006617735717
-1.0000136083786548
-0.7308536240989827
-0.08578144194120656
0.03181070820428498
0.002905502509314384
-0.15739937172369553
0.0
-0.0029028330001366707
-0.0023318128932594924
-0.48557388638833354
1.1047084468805506
0
0
0
0
0
0
0
-1.032905828449545
0
0
0
0
0
0
0
-0.07180261843113887
0
0
0
0
0
0
0
