10058
3569
4903
7913
6897
7478
7887
902
1.0
1.0
1.0
1.0
1.0
1.0
1.0
1.0
5.8252395537299735e-05
1.8519930802662634e-07
5.082799948633103e-12
0.0019298788652151817
0.22312632983974906
4.130818071236514e-08
2.400219811509167e-12
3.0822564083673897e-12
10019
3507
4799
7888
6891
7410
7780
796
5.8252395537299735e-05
1.8519930802662634e-07
5.082799948633103e-12
0.0019298788652151817
0.22312632983974906
4.130818071236514e-08
2.400219811509167e-12
3.0822564083673897e-12
1.0
1.0
1.0
1.0
1.0
1.0
1.0
1.0
10042
3514
4802
7891
6896
7442
7847
832
0.018313403138449584
1.06616481423794e-06
1.0763444779710919e-11
0.004085828311879557
0.7788004117093946
0.00012333355575940737
4.5365302053457065e-05
2.5051380075446e-08
0.0031819780043586673
0.17376988319377207
0.4723645255525086
0.4723645255525086
0.2865013814338166
0.0003352988544501878
5.304416933442466e-08
0.00012333355575940737
6590
4287
9416
5047
9969
4870
7845
2862
1.0
1.0
1.0
1.0
1.0
1.0
1.0
1.0
0.0009115411067431522
8.381767531568377e-12
1.4422476734306932e-07
3.417321786294094e-14
0.36787663445624036
1.7749306734812378e-11
3.568841205311613e-10
0.06392417274519188
6562
4185
9353
4923
9965
4771
7758
2851
0.0009115411067431522
8.381767531568377e-12
1.4422476734306932e-07
3.417321786294094e-14
0.36787663445624036
1.7749306734812378e-11
3.568841205311613e-10
0.06392417274519188
1.0
1.0
1.0
1.0
1.0
1.0
1.0
1.0
6566
4204
9382
4926
9967
4839
7813
2852
0.002478071418990677
9.704263307728827e-10
0.00020335623362501402
7.237007411815746e-14
0.606529502842409
0.0004305451865571364
0.0003352988544501878
0.08208108449989825
0.36787663445624036
0.008650205971978733
0.0007098896307726959
0.4723645255525086
0.606529502842409
4.130818071236514e-08
1.06616481423794e-06
0.7788004117093946
5339
0
0
0
0
0
0
0
1.0
1.0
1.0
1.0
1.0
1.0
1.0
1.0
0.00673666189488182
1.0
1.0
1.0
1.0
1.0
1.0
1.0
5319
0
0
0
0
0
0
0
0.00673666189488182
1.0
1.0
1.0
1.0
1.0
1.0
1.0
1.0
1.0
1.0
1.0
1.0
1.0
1.0
1.0
5324
0
0
0
0
0
0
0
0.023515222714718967
1.0
1.0
1.0
1.0
1.0
1.0
1.0
0.2865013814338166
1.0
1.0
1.0
1.0
1.0
1.0
1.0
