50.20282285795864
0.0
8.489607596705806
0.0
5.64223574555851
0.0
56.594913634275166
0.0
29.870902412217426
0.0
83.74760400187957
0.0
82.02215172792103
0.0
94.09400672580853
0.0
13.216028120361534
0.0
54.20850423187646
0.0
14.847369511779473
0.0
52.08574352634785
0.0
53.887171980562265
0.0
68.59804112349539
0.0
82.21640512773371
0.0
71.6091027679273
0.0
75.83678051057991
0.0
2.838035531035754
0.0
35.23507235768911
0.0
22.232016699085612
0.0
39.417295403469055
0.0
87.03159449119245
0.0
22.424680411136087
0.0
55.26588546897653
0.0
48.86679123753375
0.0
74.63569137150367
0.0
35.60555256020148
0.0
34.10462102945829
0.0
45.255001751662235
0.0
15.16895519633107
0.0
48.95208700636309
0.0
63.02909973572288
0.0
80.79979826374199
0.0
84.19339148992565
0.0
24.346014722954724
0.0
63.37759168810002
0.0
91.48473686467446
0.0
80.63620930659174
0.0
46.44130620589909
0.0
90.69484981069924
0.0
70.3056472186336
0.0
67.05306504059449
0.0
18.705228751588045
0.0
97.8953406986902
0.0
16.9026323511282
0.0
87.36644086736428
0.0
81.53130740232402
0.0
89.79683889384485
0.0
50.58146801083579
0.0
99.70899600991456
0.0
0.8958899598424996
0.0
98.0541734949947
0.0
54.71016412180324
0.0
66.51974651540554
0.0
10.763633546013429
0.0
8.207459137462092
0.0
77.20831723705992
0.0
75.29908973266713
0.0
71.84890105144368
0.0
40.1492225600391
0.0
85.20635679170661
0.0
90.32198582453081
0.0
72.70137369359892
0.0
72.34838823772161
0.0
37.952967910744874
0.0
32.87002602398943
0.0
28.328350567169657
0.0
11.155546048753761
0.0
93.04921971606588
0.0
88.6586994571022
0.0
58.672921596167235
0.0
82.69653563679552
0.0
8.328792108537897
0.0
66.7814834541039
0.0
76.57797295085699
0.0
97.96406554593733
0.0
92.43718855304172
0.0
43.37485677179356
0.0
6.026181414837806
0.0
24.968591527344085
0.0
69.07001355855009
0.0
46.079634657984
0.0
32.813211172516944
0.0
23.057975447834757
0.0
13.065127343091799
0.0
78.57084194611446
0.0
65.98595401269354
0.0
45.49532004320487
0.0
69.7659268246988
0.0
76.30757034104948
0.0
56.029490571672916
0.0
36.82504894719829
0.0
95.21745221336562
0.0
2.0304808256231155
0.0
10.347850259465263
0.0
11.719430887179783
0.0
59.21555433511983
0.0
9.166958564504245
0.0
1.58840707650858
0.0
14.055347653550132
0.0
73.59896521514617
0.0
0.7189024236737285
0.0
61.711011883029755
0.0
80.50187261885628
0.0
79.90790899863242
0.0
57.97284210135339
0.0
6.2720044577790794
0.0
77.77941648719975
0.0
92.90218994149254
0.0
25.562485975079507
0.0
40.92518816925319
0.0
65.56332211256627
0.0
17.315168248892952
0.0
95.56604119626081
0.0
71.7396424266718
0.0
6.963693683464777
0.0
78.56310459798863
0.0
74.07551878617718
0.0
6.274163734966187
0.0
94.39551439894197
0.0
28.47458968260198
0.0
52.77864875122903
0.0
20.16319345821247
0.0
26.42396134626014
0.0
14.959124813847902
0.0
19.942505751303518
0.0
8.275306130322136
0.0
75.87305472904868
0.0
99.80124186672475
0.0
76.48515467673877
0.0
44.874298932456504
0.0
0.151752687596729
0.0
29.0042321941162
0.0
91.29100404895163
0.0
32.89322452764889
0.0
33.34519088486406
0.0
93.82733685545091
0.0
98.12725494218965
0.0
29.687746097236833
0.0
25.701698086861093
0.0
92.04991001340184
0.0
57.41758933257224
0.0
63.36658902636027
0.0
74.96663079079255
0.0
94.20170633622308
0.0
29.303595888992852
0.0
71.71325635041559
0.0
10.120108111366799
0.0
76.17966980991578
0.0
36.385992028640125
0.0
47.18377601318055
0.0
78.89543761765155
0.0
24.36693838917955
0.0
91.6902809969953
0.0
85.7556534130269
0.0
71.17381203514731
0.0
13.531865703635049
0.0
42.12841002650519
0.0
50.70914588546128
0.0
53.43984550599529
0.0
74.70886293886903
0.0
14.846301929812377
0.0
40.45157002892379
0.0
74.53172115584627
0.0
39.27683788712303
0.0
91.3208271193178
0.0
7.8243217075585125
0.0
58.63075541412914
0.0
78.70266288803049
0.0
32.29004668428195
0.0
67.4978615778425
0.0
49.49017582620109
0.0
58.51685207938658
0.0
12.23113825232971
0.0
6.956719843627934
0.0
6.513125571720213
0.0
37.902752017661626
0.0
49.22768468423043
0.0
86.31140417713135
0.0
51.207911764338085
0.0
34.9832284527148
0.0
64.75295020723624
0.0
40.53594290003496
0.0
35.60345462323296
0.0
54.31417947512402
0.0
36.00022096640729
0.0
44.64500197210916
0.0
12.102373736671145
0.0
10.633909832577126
0.0
80.05207320214016
0.0
67.16646816324267
0.0
19.518028757872553
0.0
12.994885585403681
0.0
39.19780050521736
0.0
14.634152645906207
0.0
18.67020510477959
0.0
88.79596950595577
0.0
27.310622257542683
0.0
8.815423871618943
0.0
57.45706626004312
0.0
12.023415595851262
0.0
40.92225378865961
0.0
20.473376440727108
0.0
47.769802465911745
0.0
10.393979268100606
0.0
31.458700245889304
0.0
62.87287967596848
0.0
71.76929935625466
0.0
7.50987687647604
0.0
95.29900608916265
0.0
77.89327127291975
0.0
83.22244141412035
0.0
75.07190376702496
0.0
79.2906853532819
0.0
46.40807035470203
0.0
13.697094934087083
0.0
8.556035722031897
0.0
23.31872718372887
0.0
49.24418935705258
0.0
31.083353770269063
0.0
33.2860573427199
0.0
61.94859481435883
0.0
77.28958814692864
0.0
78.64751255285218
0.0
29.229534760112063
0.0
14.956668416709618
0.0
48.22626434034666
0.0
33.547304376083034
0.0
4.981529467247025
0.0
64.44725147588564
0.0
27.763897311323717
0.0
79.17640276449347
0.0
58.88514052233368
0.0
26.489526560023037
0.0
57.013573720289656
0.0
31.84731014462947
0.0
60.18325192533912
0.0
66.43125472751393
0.0
79.71705606375805
0.0
36.53767159142679
0.0
39.371257482457565
0.0
72.32124942457733
0.0
19.854045407373377
0.0
87.04691479217846
0.0
27.639141291019776
0.0
34.38864786036548
0.0
45.68489889146535
0.0
29.248439933056037
0.0
99.15554458196817
0.0
12.956662163127364
0.0
97.34420577556612
0.0
16.48753559391579
0.0
76.56996666380633
0.0
21.484597627637246
0.0
40.756490980368184
0.0
81.9741595498915
0.0
